90370
90371
90372
90373
90374
90375
90376
90382
90383
90384
90385
90386
90387
90388
90389
90390
90391
90392
90393
90394
90395
90396
90397
90399
90400
90401
90402
90403
90404
90405
90406
90407
90408
90409
90410
90411
90412
90413
90414
90415
90416
90417
90418
90419
90420
90421
90422
90423
90424
90425
90426
90427
90428
90429
90430
90431
90432
90433
90434
90435
90436
90437
90438
90439
90440
90441
90442
90443
90444
90445
90446
90447
90448
90449
90450
90451
90452
90453
90454
90455
90456
90457
90458
90459
90460
90461
90462
90463
90464
90465
90466
90467
90468
90469
90470
90471
90472
90473
90474
90475
90476
90477
90478
90479
90480
90481
90482
90483
90484
90485
90486
90487
90488
90489
90490
90491
90492
90493
90494
90495
90496
90497
90498
90499
90500
90501
90502
90503
90504
90505
90506
90507
90508
90509
90510
90511
90512
90513
90514
90515
90517
